0 0.7412 0.852134 0.517601 0.269795
0 0.741005 0.852134 0.517211 0.269795
0 0.741005 0.852134 0.517211 0.269795
0 0.741005 0.852134 0.517211 0.269795
0 0.734983 0.852134 0.530034 0.269795
0 0.736032 0.852134 0.522185 0.269795
0 0.736032 0.852134 0.522185 0.269795
0 0.741005 0.852134 0.517211 0.269795
0 0.741005 0.852134 0.517211 0.269795
0 0.736032 0.860837 0.522185 0.252389
0 0.736032 0.852134 0.527158 0.269795
0 0.742443 0.852134 0.515114 0.269795
0 0.741005 0.860837 0.517211 0.252389
0 0.741005 0.852134 0.517211 0.269795
0 0.736032 0.852134 0.522185 0.269795
0 0.741005 0.860837 0.517211 0.252389
0 0.741005 0.852134 0.517211 0.269795
0 0.736032 0.852134 0.522185 0.269795
0 0.736032 0.852134 0.522185 0.269795
0 0.741005 0.852134 0.517211 0.269795
0 0.741005 0.860837 0.517211 0.252389
0 0.736032 0.860837 0.522185 0.252389
0 0.742443 0.860837 0.515114 0.252389
0 0.736032 0.860837 0.522185 0.252389
0 0.736032 0.852134 0.522185 0.269795
0 0.968723 0.251622 0.0625542 0.295905
0 0.959825 0.286434 0.079571 0.22628
0 0.943857 0.312543 0.112286 0.191468
0 0.934959 0.399574 0.129303 0.295905
0 0.94883 0.312543 0.10234 0.174062
1 0.954852 0.251622 0.0895173 0.278499
1 0.94883 0.225512 0.10234 0.330717
1 0.959825 0.191084 0.079571 0.382168
1 0.954852 0.556229 0.0845442 0.147952
1 0.825549 0.53012 0.104437 0.165359
1 0.656461 0.53012 0.104437 0.165359
1 0.855388 0.651963 0.12433 0.33942
1 0.755925 0.582339 0.0944906 0.165358
1 0.606729 0.678072 0.114383 0.304608
1 0.547051 0.53012 0.0745978 0.156655
1 0.701219 0.582339 0.10941 0.165358
1 0.487372 0.678072 0.139249 0.304608
1 0.477426 0.521417 0.079571 0.11314
1 0.57689 0.591042 0.104437 0.165359
1 0.34315 0.695479 0.149196 0.295905
1 0.402828 0.53012 0.0745978 0.130546
1 0.184008 0.712885 0.154169 0.313311
1 0.392882 0.521417 0.0596782 0.11314
1 0.497319 0.599745 0.0944906 0.174062
1 0.0870308 0.721588 0.174062 0.304608
1 0.437641 0.608448 0.0944906 0.174062
1 0.392882 0.512714 0.0596782 0.104437
1 0.0509752 0.721588 0.10195 0.313311
1 0.377962 0.608448 0.0895174 0.156655
1 0.407801 0.504011 0.0547051 0.0870308
1 0.293418 0.608448 0.0994637 0.165359
1 0.472453 0.495308 0.0497319 0.0870308
1 0.243686 0.608448 0.0944906 0.156655
1 0.507265 0.495308 0.0447587 0.0870308
1 0.547051 0.495308 0.054705 0.0870308
1 0.208874 0.608448 0.0895174 0.156655
1 0.179035 0.608448 0.0944906 0.165359
1 0.552024 0.495308 0.0497319 0.0870308
1 0.556997 0.504011 0.0596783 0.104437
1 0.164115 0.608448 0.0994637 0.165359
0 0.0447587 0.782509 0.0845442 0.391639
1 0.566943 0.504011 0.0646514 0.11314
1 0.134276 0.617151 0.0944906 0.156655
0 0.0745978 0.765103 0.139249 0.374232
1 0.552024 0.512714 0.0596782 0.11314
1 0.12433 0.617151 0.0994638 0.156655
0 0.0646514 0.747697 0.129303 0.356826
1 0.119356 0.617151 0.0944906 0.156655
1 0.517211 0.512714 0.0646514 0.121843
1 0.0509752 0.747697 0.10195 0.348123
1 0.487372 0.521417 0.0696246 0.11314
1 0.104437 0.608448 0.0994637 0.156655
0 0.0397855 0.765103 0.079571 0.348123
1 0.46748 0.521417 0.0696246 0.11314
1 0.0944906 0.608448 0.0994637 0.156655
1 0.0447587 0.765103 0.0845442 0.348123
1 0.0472453 0.765103 0.0944906 0.356826
1 0.437641 0.521417 0.0646514 0.11314
1 0.0845442 0.608448 0.0994638 0.156655
1 0.046002 0.765103 0.092004 0.348123
1 0.422721 0.521417 0.0646514 0.11314
1 0.079571 0.608448 0.0994638 0.156655
1 0.427694 0.512714 0.0596783 0.104437
1 0.079571 0.608448 0.0994638 0.156655
0 0.0447587 0.765103 0.0845442 0.348123
1 0.437641 0.512714 0.0596782 0.104437
0 0.0509752 0.7564 0.10195 0.365529
1 0.0696246 0.608448 0.0944906 0.139249
1 0.447587 0.512714 0.0547051 0.0957339
0 0.0547051 0.747697 0.10941 0.356826
1 0.0596782 0.591042 0.0895174 0.130546
1 0.46748 0.504011 0.0547051 0.104437
0 0.0547051 0.747697 0.10941 0.365529
1 0.482399 0.504011 0.0497319 0.104437
0 0.0547051 0.747697 0.10941 0.374232
1 0.502292 0.504011 0.0497319 0.0957339
0 0.0509752 0.747697 0.10195 0.365529
1 0.0472453 0.591042 0.0944906 0.11314
1 0.507265 0.512714 0.0547051 0.104437
1 0.046002 0.599745 0.092004 0.121843
0 0.0547051 0.747697 0.10941 0.356826
1 0.507265 0.512714 0.0547051 0.0957339
1 0.046002 0.599745 0.092004 0.121843
0 0.0509752 0.7564 0.10195 0.348123
1 0.497319 0.512714 0.0596782 0.104437
1 0.0472453 0.599745 0.0944906 0.121843
0 0.0596782 0.747697 0.119356 0.356826
1 0.487372 0.512714 0.0596783 0.104437
0 0.0596782 0.747697 0.119356 0.356826
1 0.0472453 0.591042 0.0944906 0.11314
1 0.45256 0.521417 0.0646514 0.11314
1 0.0472453 0.599745 0.0944906 0.121843
0 0.0472453 0.7564 0.0944906 0.348123
1 0.437641 0.521417 0.0596782 0.11314
0 0.0547051 0.747697 0.10941 0.365529
1 0.0472453 0.591042 0.0944906 0.11314
1 0.437641 0.512714 0.0596782 0.11314
0 0.0547051 0.747697 0.10941 0.365529
1 0.046002 0.591042 0.092004 0.11314
1 0.45256 0.512714 0.0596782 0.104437
0 0.0472453 0.747697 0.0944906 0.365529
1 0.45256 0.504011 0.0596782 0.104437
0 0.0547051 0.747697 0.10941 0.356826
1 0.0472453 0.591042 0.0944906 0.130546
1 0.462506 0.504011 0.0596782 0.104437
0 0.0472453 0.747697 0.0944906 0.356826
1 0.487372 0.504011 0.0596783 0.104437
0 0.0472453 0.7564 0.0944906 0.365529
1 0.492346 0.512714 0.0547051 0.11314
0 0.0472453 0.747697 0.0944906 0.356826
0 0.0472453 0.7564 0.0944906 0.348123
1 0.492346 0.512714 0.0547051 0.104437
1 0.046002 0.599745 0.092004 0.130546
1 0.482399 0.512714 0.0596782 0.104437
0 0.0547051 0.7564 0.10941 0.365529
1 0.0472453 0.599745 0.0944906 0.130546
1 0.462506 0.521417 0.0596782 0.11314
0 0.0472453 0.747697 0.0944906 0.356826
0 0.046002 0.7564 0.092004 0.348123
1 0.45256 0.512714 0.0646514 0.11314
1 0.0497319 0.599745 0.0944906 0.130546
0 0.0447587 0.765103 0.0895174 0.356826
1 0.45256 0.512714 0.0596782 0.104437
1 0.0472453 0.599745 0.0944906 0.139249
0 0.0447587 0.765103 0.0895174 0.356826
1 0.45256 0.512714 0.0596782 0.104437
1 0.0472453 0.599745 0.0944906 0.130546
0 0.0447587 0.7564 0.0895174 0.348123
1 0.45256 0.512714 0.0596782 0.0957339
1 0.46748 0.512714 0.0497319 0.104437
0 0.0472453 0.7564 0.0944906 0.365529
1 0.482399 0.512714 0.0547051 0.11314
0 0.0509752 0.7564 0.10195 0.365529
1 0.0472453 0.591042 0.0944906 0.130546
1 0.487372 0.512714 0.0547051 0.11314
0 0.0472453 0.7564 0.0944906 0.365529
1 0.482399 0.504011 0.0547051 0.104437
0 0.0472453 0.7564 0.0944906 0.365529
1 0.462506 0.512714 0.0596782 0.104437
0 0.0509752 0.7564 0.10195 0.365529
1 0.45256 0.512714 0.0596782 0.104437
0 0.0509752 0.7564 0.10195 0.365529
1 0.0497319 0.599745 0.0944906 0.121843
1 0.45256 0.521417 0.0596782 0.11314
0 0.0509752 0.7564 0.10195 0.365529
1 0.0472453 0.591042 0.0944906 0.130546
1 0.45256 0.504011 0.0596782 0.104437
0 0.0509752 0.7564 0.10195 0.365529
1 0.0472453 0.591042 0.0944906 0.130546
1 0.457533 0.504011 0.0596783 0.104437
0 0.0509752 0.765103 0.10195 0.374232
1 0.0472453 0.599745 0.0944906 0.130546
1 0.46748 0.512714 0.0547051 0.11314
0 0.0547051 0.7564 0.10941 0.365529
1 0.0472453 0.599745 0.0944906 0.130546
0 0.0509752 0.7564 0.10195 0.365529
1 0.482399 0.512714 0.0547051 0.11314
1 0.0497319 0.599745 0.0944906 0.121843
0 0.0509752 0.7564 0.10195 0.365529
1 0.482399 0.512714 0.0547051 0.11314
1 0.0472453 0.591042 0.0944906 0.130546
1 0.472453 0.512714 0.0596783 0.11314
0 0.0547051 0.7564 0.10941 0.365529
1 0.0472453 0.599745 0.0944906 0.130546
1 0.45256 0.521417 0.0646514 0.11314
0 0.0509752 0.7564 0.10195 0.365529
1 0.0497319 0.599745 0.0944906 0.121843
0 0.0509752 0.7564 0.10195 0.365529
1 0.45256 0.512714 0.0596782 0.104437
1 0.0472453 0.591042 0.0944906 0.130546
1 0.45256 0.512714 0.0596782 0.104437
0 0.0547051 0.7564 0.10941 0.365529
1 0.0472453 0.599745 0.0944906 0.130546
1 0.457533 0.504011 0.0596783 0.104437
0 0.0509752 0.7564 0.10195 0.365529
1 0.0472453 0.591042 0.0944906 0.130546
1 0.46748 0.504011 0.0547051 0.104437
0 0.0509752 0.765103 0.10195 0.374232
1 0.0472453 0.599745 0.0944906 0.130546
0 0.0509752 0.7564 0.10195 0.365529
1 0.482399 0.512714 0.0547051 0.104437
1 0.0497319 0.599745 0.0944906 0.121843
1 0.482399 0.512714 0.0547051 0.11314
0 0.0509752 0.7564 0.10195 0.365529
1 0.0497319 0.599745 0.0944906 0.121843
1 0.46748 0.504011 0.0646514 0.104437
0 0.0547051 0.7564 0.10941 0.365529
1 0.0497319 0.599745 0.0944906 0.130546
0 0.0509752 0.7564 0.10195 0.365529
1 0.45256 0.512714 0.0596782 0.11314
1 0.0472453 0.591042 0.0944906 0.130546
1 0.45256 0.512714 0.0596782 0.104437
0 0.0509752 0.765103 0.10195 0.374232
1 0.0472453 0.599745 0.0944906 0.130546
1 0.45256 0.512714 0.0596782 0.11314
0 0.0547051 0.7564 0.10941 0.365529
1 0.0472453 0.599745 0.0944906 0.130546
0 0.0509752 0.7564 0.10195 0.365529
1 0.46748 0.512714 0.0547051 0.104437
1 0.0497319 0.599745 0.0944906 0.121843
1 0.477426 0.512714 0.0547051 0.104437
0 0.0547051 0.7564 0.10941 0.365529
1 0.0472453 0.599745 0.0944906 0.130546
0 0.0547051 0.7564 0.10941 0.365529
1 0.477426 0.512714 0.0596782 0.104437
1 0.0472453 0.599745 0.0944906 0.130546
1 0.46748 0.504011 0.0646514 0.104437
0 0.0547051 0.7564 0.10941 0.365529
1 0.0472453 0.599745 0.0944906 0.130546
1 0.45256 0.512714 0.0646514 0.11314
0 0.0509752 0.7564 0.10195 0.365529
1 0.45256 0.512714 0.0596782 0.104437
0 0.0547051 0.747697 0.10941 0.356826
1 0.45256 0.512714 0.0596782 0.104437
0 0.0547051 0.7564 0.10941 0.365529
1 0.0472453 0.599745 0.0944906 0.130546
1 0.462506 0.512714 0.0596782 0.104437
0 0.0547051 0.7564 0.10941 0.365529
1 0.0472453 0.599745 0.0944906 0.130546
1 0.477426 0.512714 0.0547051 0.11314
0 0.0509752 0.7564 0.10195 0.365529
1 0.0497319 0.599745 0.0944906 0.121843
1 0.477426 0.512714 0.0596782 0.11314
0 0.0509752 0.7564 0.10195 0.365529
1 0.46748 0.512714 0.0547051 0.104437
0 0.0509752 0.7564 0.10195 0.365529
1 0.0472453 0.591042 0.0944906 0.130546
1 0.457533 0.512714 0.0596783 0.11314
0 0.0509752 0.747697 0.10195 0.356826
0 0.0509752 0.747697 0.10195 0.374232
1 0.45256 0.512714 0.0596782 0.104437
1 0.457533 0.512714 0.0596783 0.11314
0 0.0547051 0.7564 0.10941 0.365529
1 0.0472453 0.599745 0.0944906 0.130546
0 0.0547051 0.747697 0.10941 0.374232
1 0.462506 0.512714 0.0596782 0.11314
1 0.477426 0.504011 0.0547051 0.104437
0 0.0547051 0.747697 0.10941 0.356826
1 0.477426 0.512714 0.0596782 0.0957339
0 0.0509752 0.7564 0.10195 0.365529
1 0.462506 0.512714 0.0596782 0.104437
0 0.0509752 0.7564 0.10195 0.365529
1 0.0497319 0.599745 0.0944906 0.121843
1 0.457533 0.512714 0.0596783 0.11314
0 0.0509752 0.7564 0.10195 0.365529
1 0.0472453 0.591042 0.0944906 0.130546
0 0.0547051 0.7564 0.10941 0.365529
1 0.457533 0.512714 0.0596783 0.11314
1 0.0472453 0.599745 0.0944906 0.130546
1 0.462506 0.512714 0.0596782 0.11314
0 0.0509752 0.7564 0.10195 0.365529
0 0.0509752 0.765103 0.10195 0.365529
1 0.46748 0.512714 0.0547051 0.104437
1 0.0472453 0.599745 0.0944906 0.130546
1 0.46748 0.512714 0.0547051 0.104437
0 0.0547051 0.7564 0.10941 0.365529
1 0.0472453 0.599745 0.0944906 0.130546
1 0.462506 0.512714 0.0596782 0.0957339
0 0.0509752 0.7564 0.10195 0.365529
1 0.0497319 0.599745 0.0944906 0.121843
1 0.462506 0.512714 0.0646514 0.11314
0 0.0509752 0.7564 0.10195 0.365529
1 0.0497319 0.599745 0.0944906 0.121843
1 0.457533 0.512714 0.0596783 0.11314
0 0.0509752 0.7564 0.10195 0.365529
1 0.0497319 0.599745 0.0944906 0.121843
1 0.462506 0.512714 0.0596782 0.104437
0 0.0509752 0.7564 0.10195 0.365529
1 0.0497319 0.599745 0.0944906 0.121843
1 0.46748 0.512714 0.0547051 0.104437
0 0.0509752 0.7564 0.10195 0.365529
1 0.0497319 0.599745 0.0944906 0.121843
1 0.46748 0.512714 0.0497319 0.104437
0 0.0547051 0.7564 0.10941 0.365529
1 0.0472453 0.599745 0.0944906 0.130546
1 0.462506 0.512714 0.0596782 0.11314
0 0.0509752 0.7564 0.10195 0.365529
1 0.0472453 0.591042 0.0944906 0.130546
1 0.457533 0.512714 0.0596783 0.11314
0 0.0509752 0.765103 0.10195 0.374232
1 0.0472453 0.599745 0.0944906 0.130546
0 0.0509752 0.747697 0.10195 0.356826
1 0.457533 0.512714 0.0596783 0.104437
1 0.462506 0.512714 0.0596782 0.11314
0 0.0509752 0.7564 0.10195 0.365529
1 0.0497319 0.599745 0.0944906 0.121843
1 0.46748 0.512714 0.0547051 0.104437
0 0.0509752 0.765103 0.10195 0.374232
1 0.0472453 0.599745 0.0944906 0.130546
0 0.0509752 0.765103 0.10195 0.374232
1 0.46748 0.512714 0.0547051 0.104437
1 0.0472453 0.599745 0.0944906 0.130546
0 0.0509752 0.7564 0.10195 0.365529
1 0.462506 0.512714 0.0596782 0.104437
1 0.0497319 0.599745 0.0944906 0.121843
0 0.0509752 0.7564 0.10195 0.365529
1 0.45256 0.512714 0.0646514 0.11314
1 0.0497319 0.599745 0.0944906 0.121843
1 0.45256 0.512714 0.0596782 0.104437
0 0.0509752 0.7564 0.10195 0.365529
1 0.0497319 0.599745 0.0944906 0.121843
1 0.457533 0.512714 0.0596783 0.11314
0 0.0547051 0.7564 0.10941 0.365529
1 0.0472453 0.599745 0.0944906 0.130546
1 0.46748 0.512714 0.0547051 0.104437
0 0.0509752 0.7564 0.10195 0.365529
0 0.0509752 0.747697 0.10195 0.356826
1 0.472453 0.512714 0.0596783 0.104437
1 0.46748 0.512714 0.0547051 0.104437
0 0.0509752 0.765103 0.10195 0.356826
1 0.0472453 0.599745 0.0944906 0.130546
1 0.462506 0.512714 0.0596782 0.11314
0 0.0509752 0.7564 0.10195 0.365529
1 0.0472453 0.591042 0.0944906 0.130546
1 0.45256 0.504011 0.0646514 0.104437
0 0.0509752 0.7564 0.10195 0.365529
1 0.0497319 0.599745 0.0944906 0.121843
0 0.0509752 0.747697 0.10195 0.356826
1 0.45256 0.512714 0.0646514 0.11314
1 0.457533 0.512714 0.0596783 0.11314
0 0.0547051 0.7564 0.10941 0.365529
1 0.0472453 0.599745 0.0944906 0.130546
1 0.462506 0.512714 0.0596782 0.104437
0 0.0509752 0.7564 0.10195 0.365529
1 0.0472453 0.591042 0.0944906 0.130546
1 0.46748 0.512714 0.0547051 0.104437
0 0.0509752 0.7564 0.10195 0.365529
1 0.0472453 0.591042 0.0944906 0.130546
1 0.462506 0.504011 0.0596782 0.104437
0 0.0547051 0.7564 0.10941 0.365529
1 0.0472453 0.599745 0.0944906 0.130546
0 0.0509752 0.7564 0.10195 0.365529
1 0.457533 0.512714 0.0596783 0.104437
1 0.0472453 0.591042 0.0944906 0.130546
1 0.45256 0.512714 0.0596782 0.11314
0 0.0509752 0.7564 0.10195 0.365529
1 0.0497319 0.599745 0.0944906 0.121843
0 0.0509752 0.765103 0.10195 0.374232
1 0.457533 0.512714 0.0596783 0.104437
1 0.0472453 0.599745 0.0944906 0.130546
1 0.462506 0.512714 0.0596782 0.104437
0 0.0547051 0.7564 0.10941 0.365529
1 0.0472453 0.599745 0.0944906 0.130546
1 0.46748 0.512714 0.0547051 0.0957339
0 0.0509752 0.7564 0.10195 0.365529
1 0.0472453 0.591042 0.0944906 0.130546
1 0.46748 0.512714 0.0547051 0.104437
0 0.0509752 0.7564 0.10195 0.365529
1 0.0497319 0.599745 0.0944906 0.121843
1 0.457533 0.512714 0.0596783 0.104437
0 0.0509752 0.7564 0.10195 0.365529
1 0.0472453 0.591042 0.0944906 0.130546
1 0.45256 0.512714 0.0646514 0.11314
0 0.0509752 0.7564 0.10195 0.365529
1 0.0472453 0.591042 0.0944906 0.130546
1 0.457533 0.512714 0.0596783 0.11314
0 0.0509752 0.7564 0.10195 0.365529
1 0.0497319 0.599745 0.0944906 0.121843
1 0.462506 0.504011 0.0596782 0.104437
0 0.0509752 0.765103 0.10195 0.374232
1 0.0497319 0.599745 0.0944906 0.130546
1 0.46748 0.512714 0.0547051 0.104437
0 0.0547051 0.7564 0.10941 0.365529
1 0.0497319 0.599745 0.0944906 0.121843
1 0.462506 0.512714 0.0596782 0.104437
0 0.0509752 0.7564 0.10195 0.365529
1 0.0497319 0.599745 0.0944906 0.121843
1 0.462506 0.512714 0.0646514 0.11314
0 0.0509752 0.7564 0.10195 0.365529
1 0.0497319 0.599745 0.0944906 0.121843
0 0.0509752 0.7564 0.10195 0.365529
1 0.45256 0.512714 0.0596782 0.11314
1 0.046002 0.599745 0.092004 0.121843
1 0.457533 0.512714 0.0596783 0.11314
0 0.0509752 0.7564 0.10195 0.365529
1 0.0472453 0.591042 0.0944906 0.130546
1 0.462506 0.512714 0.0646514 0.104437
0 0.0509752 0.7564 0.10195 0.365529
1 0.0472453 0.591042 0.0944906 0.130546
1 0.46748 0.512714 0.0547051 0.0957339
0 0.0547051 0.7564 0.10941 0.365529
1 0.0472453 0.599745 0.0944906 0.130546
0 0.0509752 0.747697 0.10195 0.374232
1 0.46748 0.512714 0.0547051 0.0957339
1 0.46748 0.512714 0.0547051 0.104437
0 0.0509752 0.747697 0.10195 0.356826
1 0.462506 0.504011 0.0596782 0.104437
0 0.0547051 0.7564 0.10941 0.365529
1 0.0472453 0.599745 0.0944906 0.130546
1 0.457533 0.512714 0.0596783 0.104437
0 0.0547051 0.7564 0.10941 0.365529
1 0.0472453 0.599745 0.0944906 0.130546
1 0.457533 0.512714 0.0596783 0.104437
0 0.0472453 0.7564 0.0944906 0.365529
1 0.457533 0.512714 0.0596783 0.11314
0 0.0509752 0.747697 0.10195 0.356826
0 0.0509752 0.7564 0.10195 0.365529
1 0.462506 0.512714 0.0596782 0.11314
1 0.462506 0.512714 0.0596782 0.104437
0 0.0509752 0.7564 0.10195 0.365529
1 0.0497319 0.599745 0.0944906 0.121843
1 0.462506 0.512714 0.0596782 0.104437
0 0.0509752 0.765103 0.10195 0.374232
1 0.0472453 0.599745 0.0944906 0.130546
1 0.457533 0.512714 0.0596783 0.11314
0 0.0509752 0.7564 0.10195 0.365529
1 0.0497319 0.599745 0.0944906 0.121843
1 0.457533 0.512714 0.0596783 0.11314
0 0.0547051 0.7564 0.10941 0.365529
1 0.0472453 0.599745 0.0944906 0.130546
1 0.462506 0.512714 0.0547051 0.11314
0 0.0547051 0.765103 0.10941 0.356826
1 0.0472453 0.599745 0.0944906 0.130546
1 0.462506 0.512714 0.0596782 0.104437
0 0.0472453 0.7564 0.0944906 0.365529
1 0.46748 0.512714 0.0547051 0.104437
0 0.0509752 0.7564 0.10195 0.365529
1 0.0472453 0.591042 0.0944906 0.130546
1 0.462506 0.512714 0.0596782 0.104437
0 0.0547051 0.7564 0.10941 0.365529
1 0.0472453 0.599745 0.0944906 0.130546
1 0.462506 0.504011 0.0646514 0.104437
0 0.0509752 0.7564 0.10195 0.365529
1 0.457533 0.504011 0.0596783 0.104437
0 0.0547051 0.7564 0.10941 0.365529
1 0.0472453 0.599745 0.0944906 0.130546
1 0.462506 0.512714 0.0646514 0.104437
0 0.0509752 0.7564 0.10195 0.365529
1 0.0472453 0.591042 0.0944906 0.130546
1 0.462506 0.512714 0.0596782 0.11314
0 0.0509752 0.7564 0.10195 0.365529
1 0.0472453 0.591042 0.0944906 0.130546
1 0.462506 0.512714 0.0596782 0.104437
0 0.0509752 0.7564 0.10195 0.365529
1 0.0472453 0.591042 0.0944906 0.130546
1 0.462506 0.504011 0.0596782 0.104437
0 0.0509752 0.7564 0.10195 0.365529
1 0.0497319 0.591042 0.0944906 0.130546
1 0.462506 0.512714 0.0596782 0.11314
0 0.0509752 0.7564 0.10195 0.365529
1 0.0497319 0.599745 0.0944906 0.121843
1 0.462506 0.504011 0.0596782 0.104437
0 0.0509752 0.7564 0.10195 0.365529
1 0.0497319 0.599745 0.0944906 0.121843
1 0.462506 0.512714 0.0596782 0.104437
0 0.0509752 0.7564 0.10195 0.365529
1 0.0472453 0.591042 0.0944906 0.130546
1 0.462506 0.504011 0.0596782 0.104437
0 0.0547051 0.7564 0.10941 0.365529
1 0.0472453 0.599745 0.0944906 0.130546
1 0.462506 0.512714 0.0596782 0.11314
0 0.0509752 0.7564 0.10195 0.365529
1 0.462506 0.512714 0.0596782 0.11314
0 0.0547051 0.7564 0.10941 0.365529
1 0.0472453 0.599745 0.0944906 0.130546
1 0.462506 0.512714 0.0596782 0.104437
0 0.0509752 0.7564 0.10195 0.365529
1 0.0472453 0.591042 0.0944906 0.130546
0 0.0509752 0.747697 0.10195 0.356826
1 0.462506 0.512714 0.0596782 0.11314
1 0.462506 0.512714 0.0596782 0.11314
0 0.0509752 0.747697 0.10195 0.356826
1 0.462506 0.504011 0.0596782 0.104437
0 0.0547051 0.7564 0.10941 0.365529
1 0.0472453 0.599745 0.0944906 0.130546
1 0.462506 0.504011 0.0596782 0.104437
0 0.0509752 0.7564 0.10195 0.365529
0 0.0509752 0.765103 0.10195 0.374232
1 0.462506 0.512714 0.0596782 0.11314
1 0.0472453 0.599745 0.0944906 0.130546
0 0.0509752 0.7564 0.10195 0.365529
1 0.462506 0.512714 0.0596782 0.11314
1 0.0472453 0.591042 0.0944906 0.130546
1 0.462506 0.512714 0.0596782 0.11314
0 0.0509752 0.7564 0.10195 0.365529
0 0.0509752 0.7564 0.10195 0.365529
1 0.462506 0.512714 0.0596782 0.11314
1 0.0497319 0.599745 0.0944906 0.121843
1 0.462506 0.512714 0.0596782 0.0957339
0 0.0509752 0.7564 0.10195 0.365529
1 0.0497319 0.599745 0.0944906 0.121843
0 0.0509752 0.7564 0.10195 0.365529
1 0.462506 0.512714 0.0596782 0.104437
1 0.0497319 0.599745 0.0944906 0.121843
0 0.0509752 0.7564 0.10195 0.365529
1 0.462506 0.512714 0.0596782 0.11314
0 0.0509752 0.7564 0.10195 0.365529
1 0.462506 0.512714 0.0596782 0.11314
1 0.0472453 0.591042 0.0944906 0.130546
1 0.462506 0.512714 0.0596782 0.11314
0 0.0509752 0.7564 0.10195 0.365529
1 0.462506 0.512714 0.0596782 0.11314
0 0.0509752 0.7564 0.10195 0.365529
1 0.0472453 0.591042 0.0944906 0.130546
1 0.462506 0.504011 0.0596782 0.104437
0 0.0547051 0.7564 0.10941 0.365529
1 0.0472453 0.599745 0.0944906 0.130546
1 0.462506 0.504011 0.0596782 0.104437
0 0.0547051 0.7564 0.10941 0.365529
1 0.0472453 0.599745 0.0944906 0.130546
0 0.0509752 0.747697 0.10195 0.365529
1 0.462506 0.512714 0.0596782 0.11314
0 0.0509752 0.7564 0.10195 0.348123
1 0.462506 0.504011 0.0596782 0.104437
1 0.0472453 0.599745 0.0944906 0.130546
1 0.462506 0.512714 0.0596782 0.104437
0 0.0547051 0.7564 0.10941 0.365529
1 0.0472453 0.599745 0.0944906 0.130546
0 0.0509752 0.765103 0.10195 0.374232
1 0.462506 0.504011 0.0596782 0.104437
1 0.0472453 0.599745 0.0944906 0.130546
1 0.462506 0.512714 0.0596782 0.11314
0 0.0547051 0.7564 0.10941 0.365529
1 0.0472453 0.599745 0.0944906 0.130546
0 0.0509752 0.7564 0.10195 0.365529
1 0.462506 0.512714 0.0596782 0.11314
1 0.0497319 0.599745 0.0944906 0.121843
1 0.462506 0.504011 0.0596782 0.104437
0 0.0472453 0.7564 0.0944906 0.365529
1 0.462506 0.512714 0.0596782 0.11314
0 0.0509752 0.7564 0.10195 0.365529
1 0.0497319 0.599745 0.0944906 0.121843
1 0.462506 0.512714 0.0596782 0.11314
0 0.0547051 0.7564 0.10941 0.365529
1 0.0472453 0.599745 0.0944906 0.130546
1 0.462506 0.512714 0.0596782 0.11314
0 0.0547051 0.7564 0.10941 0.365529
1 0.0472453 0.599745 0.0944906 0.130546
0 0.0547051 0.747697 0.10941 0.374232
1 0.462506 0.512714 0.0596782 0.11314
1 0.462506 0.512714 0.0596782 0.11314
0 0.0509752 0.747697 0.10195 0.356826
1 0.462506 0.512714 0.0596782 0.11314
0 0.0509752 0.7564 0.10195 0.365529
0 0.0509752 0.765103 0.10195 0.374232
1 0.462506 0.512714 0.0596782 0.11314
1 0.0472453 0.599745 0.0944906 0.130546
0 0.0509752 0.7564 0.10195 0.365529
1 0.462506 0.512714 0.0596782 0.104437
1 0.0497319 0.599745 0.0944906 0.121843
1 0.462506 0.512714 0.0596782 0.11314
0 0.0509752 0.7564 0.10195 0.365529
1 0.0472453 0.591042 0.0944906 0.130546
0 0.0509752 0.7564 0.10195 0.365529
1 0.462506 0.504011 0.0596782 0.104437
1 0.0472453 0.591042 0.0944906 0.130546
1 0.462506 0.512714 0.0596782 0.11314
0 0.0509752 0.747697 0.10195 0.356826
1 0.462506 0.512714 0.0596782 0.11314
0 0.0547051 0.7564 0.10941 0.365529
1 0.0472453 0.599745 0.0944906 0.130546
0 0.0509752 0.747697 0.10195 0.356826
1 0.462506 0.512714 0.0596782 0.11314
0 0.0509752 0.765103 0.10195 0.374232
1 0.462506 0.512714 0.0596782 0.11314
1 0.0472453 0.599745 0.0944906 0.130546
1 0.462506 0.512714 0.0596782 0.11314
0 0.0509752 0.7564 0.10195 0.365529
1 0.0497319 0.599745 0.0944906 0.121843
1 0.462506 0.512714 0.0596782 0.11314
0 0.0547051 0.7564 0.10941 0.365529
1 0.0472453 0.599745 0.0944906 0.130546
1 0.462506 0.512714 0.0596782 0.11314
0 0.0509752 0.7564 0.10195 0.365529
0 0.0509752 0.747697 0.10195 0.374232
1 0.462506 0.512714 0.0596782 0.11314
1 0.462506 0.512714 0.0596782 0.11314
0 0.0547051 0.7564 0.10941 0.365529
1 0.0472453 0.599745 0.0944906 0.130546
1 0.462506 0.504011 0.0596782 0.104437
0 0.0547051 0.7564 0.10941 0.365529
1 0.0472453 0.599745 0.0944906 0.130546
1 0.462506 0.512714 0.0596782 0.11314
0 0.0509752 0.765103 0.10195 0.365529
1 0.0472453 0.599745 0.0944906 0.130546
1 0.462506 0.512714 0.0596782 0.11314
0 0.0472453 0.7564 0.0944906 0.365529
1 0.462506 0.512714 0.0596782 0.11314
0 0.0509752 0.7564 0.10195 0.365529
1 0.0497319 0.599745 0.0944906 0.121843
1 0.462506 0.512714 0.0596782 0.104437
0 0.0509752 0.7564 0.10195 0.365529
1 0.0472453 0.591042 0.0944906 0.130546
1 0.462506 0.512714 0.0596782 0.11314
0 0.0509752 0.7564 0.10195 0.365529
1 0.462506 0.512714 0.0596782 0.11314
0 0.0509752 0.765103 0.10195 0.374232
1 0.0472453 0.599745 0.0944906 0.130546
1 0.462506 0.504011 0.0596782 0.104437
0 0.0547051 0.7564 0.10941 0.365529
1 0.0472453 0.599745 0.0944906 0.130546
1 0.462506 0.512714 0.0596782 0.11314
0 0.0547051 0.7564 0.10941 0.365529
1 0.0472453 0.599745 0.0944906 0.130546
0 0.0509752 0.7564 0.10195 0.365529
1 0.462506 0.512714 0.0596782 0.11314
1 0.0472453 0.591042 0.0944906 0.130546
1 0.462506 0.504011 0.0596782 0.104437
0 0.0509752 0.7564 0.10195 0.365529
1 0.0497319 0.599745 0.0944906 0.121843
1 0.462506 0.512714 0.0596782 0.11314
0 0.0509752 0.7564 0.10195 0.365529
1 0.0472453 0.591042 0.0944906 0.130546
1 0.462506 0.512714 0.0596782 0.11314
0 0.0509752 0.765103 0.10195 0.356826
1 0.0472453 0.599745 0.0944906 0.130546
1 0.462506 0.512714 0.0596782 0.11314
0 0.0547051 0.7564 0.10941 0.365529
1 0.0472453 0.599745 0.0944906 0.130546
1 0.462506 0.512714 0.0596782 0.11314
0 0.0509752 0.7564 0.10195 0.365529
1 0.0472453 0.591042 0.0944906 0.130546
0 0.0509752 0.7564 0.10195 0.365529
1 0.462506 0.512714 0.0596782 0.11314
1 0.0472453 0.591042 0.0944906 0.130546
1 0.462506 0.512714 0.0596782 0.11314
0 0.0509752 0.747697 0.10195 0.356826
1 0.462506 0.512714 0.0596782 0.11314
0 0.0509752 0.7564 0.10195 0.365529
1 0.0497319 0.599745 0.0944906 0.121843
1 0.462506 0.504011 0.0596782 0.104437
0 0.0509752 0.7564 0.10195 0.365529
1 0.0472453 0.591042 0.0944906 0.130546
1 0.462506 0.512714 0.0596782 0.11314
0 0.0509752 0.7564 0.10195 0.365529
1 0.462506 0.512714 0.0596782 0.11314
0 0.0509752 0.7564 0.10195 0.365529
1 0.0497319 0.599745 0.0944906 0.121843
0 0.0509752 0.765103 0.10195 0.356826
1 0.462506 0.512714 0.0596782 0.11314
1 0.0472453 0.599745 0.0944906 0.130546
1 0.462506 0.512714 0.0596782 0.11314
0 0.0547051 0.7564 0.10941 0.365529
1 0.0472453 0.599745 0.0944906 0.130546
1 0.462506 0.512714 0.0596782 0.11314
0 0.0509752 0.7564 0.10195 0.365529
1 0.0472453 0.591042 0.0944906 0.130546
1 0.462506 0.512714 0.0596782 0.11314
0 0.0547051 0.7564 0.10941 0.365529
1 0.0472453 0.599745 0.0944906 0.130546
1 0.462506 0.504011 0.0596782 0.104437
0 0.0509752 0.7564 0.10195 0.365529
1 0.0472453 0.591042 0.0944906 0.130546
1 0.462506 0.512714 0.0596782 0.11314
0 0.0509752 0.7564 0.10195 0.365529
1 0.0497319 0.599745 0.0944906 0.121843
1 0.462506 0.504011 0.0596782 0.104437
0 0.0547051 0.7564 0.10941 0.365529
1 0.0472453 0.599745 0.0944906 0.130546
1 0.462506 0.512714 0.0596782 0.11314
0 0.0547051 0.7564 0.10941 0.365529
1 0.0472453 0.599745 0.0944906 0.130546
1 0.462506 0.512714 0.0596782 0.11314
0 0.0547051 0.747697 0.10941 0.356826
1 0.462506 0.512714 0.0596782 0.11314
0 0.0509752 0.7564 0.10195 0.365529
1 0.0472453 0.591042 0.0944906 0.130546
0 0.0509752 0.747697 0.10195 0.374232
1 0.462506 0.512714 0.0596782 0.11314
1 0.462506 0.512714 0.0596782 0.11314
0 0.0509752 0.7564 0.10195 0.365529
1 0.0497319 0.599745 0.0944906 0.121843
1 0.462506 0.512714 0.0596782 0.11314
0 0.0509752 0.7564 0.10195 0.365529
1 0.0472453 0.591042 0.0944906 0.130546
1 0.462506 0.512714 0.0596782 0.11314
0 0.0547051 0.7564 0.10941 0.365529
1 0.0472453 0.599745 0.0944906 0.130546
1 0.462506 0.512714 0.0596782 0.11314
0 0.0509752 0.7564 0.10195 0.365529
1 0.0497319 0.599745 0.0944906 0.121843
0 0.0509752 0.765103 0.10195 0.356826
1 0.462506 0.512714 0.0596782 0.11314
1 0.0472453 0.599745 0.0944906 0.130546
1 0.462506 0.512714 0.0596782 0.11314
0 0.0547051 0.7564 0.10941 0.365529
1 0.0497319 0.599745 0.0944906 0.121843
1 0.462506 0.512714 0.0596782 0.11314
0 0.0547051 0.7564 0.10941 0.365529
1 0.0472453 0.599745 0.0944906 0.130546
0 0.0509752 0.765103 0.10195 0.356826
1 0.462506 0.512714 0.0596782 0.11314
1 0.0472453 0.599745 0.0944906 0.130546
1 0.462506 0.512714 0.0596782 0.11314
0 0.0509752 0.7564 0.10195 0.365529
1 0.0497319 0.599745 0.0944906 0.121843
1 0.462506 0.512714 0.0596782 0.104437
0 0.0509752 0.7564 0.10195 0.365529
1 0.0497319 0.599745 0.0944906 0.121843
1 0.462506 0.512714 0.0596782 0.11314
0 0.0547051 0.7564 0.10941 0.365529
1 0.0472453 0.599745 0.0944906 0.130546
1 0.462506 0.512714 0.0596782 0.11314
0 0.0509752 0.7564 0.10195 0.365529
1 0.0472453 0.591042 0.0944906 0.130546
1 0.462506 0.512714 0.0596782 0.11314
0 0.0547051 0.765103 0.10941 0.374232
1 0.0472453 0.599745 0.0944906 0.130546
1 0.462506 0.512714 0.0596782 0.11314
0 0.0509752 0.765103 0.10195 0.374232
1 0.0472453 0.599745 0.0944906 0.130546
0 0.0509752 0.7564 0.10195 0.365529
1 0.462506 0.512714 0.0596782 0.0957339
1 0.0497319 0.599745 0.0944906 0.121843
1 0.462506 0.512714 0.0596782 0.11314
0 0.0509752 0.7564 0.10195 0.365529
1 0.0472453 0.591042 0.0944906 0.130546
0 0.0509752 0.7564 0.10195 0.382936
1 0.462506 0.504011 0.0596782 0.104437
0 0.0509752 0.747697 0.10195 0.365529
1 0.462506 0.512714 0.0596782 0.11314
1 0.462506 0.512714 0.0596782 0.11314
0 0.0509752 0.7564 0.10195 0.365529
1 0.0472453 0.591042 0.0944906 0.130546
1 0.462506 0.512714 0.0596782 0.11314
0 0.0547051 0.7564 0.10941 0.365529
1 0.0472453 0.599745 0.0944906 0.130546
1 0.462506 0.512714 0.0596782 0.11314
0 0.0509752 0.7564 0.10195 0.365529
1 0.0497319 0.599745 0.0944906 0.121843
1 0.462506 0.512714 0.0596782 0.11314
0 0.0509752 0.7564 0.10195 0.365529
1 0.0497319 0.599745 0.0944906 0.121843
0 0.0509752 0.747697 0.10195 0.374232
1 0.462506 0.512714 0.0596782 0.11314
0 0.0547051 0.7564 0.10941 0.365529
1 0.462506 0.512714 0.0596782 0.11314
1 0.0472453 0.599745 0.0944906 0.130546
1 0.462506 0.512714 0.0596782 0.11314
0 0.0547051 0.7564 0.10941 0.365529
1 0.0472453 0.599745 0.0944906 0.130546
1 0.462506 0.512714 0.0596782 0.104437
0 0.0509752 0.7564 0.10195 0.365529
1 0.0472453 0.591042 0.0944906 0.130546
1 0.462506 0.512714 0.0596782 0.11314
0 0.0547051 0.7564 0.10941 0.365529
1 0.0472453 0.599745 0.0944906 0.130546
0 0.0509752 0.7564 0.10195 0.365529
1 0.462506 0.512714 0.0596782 0.11314
1 0.0472453 0.591042 0.0944906 0.130546
1 0.462506 0.512714 0.0596782 0.11314
0 0.0547051 0.7564 0.10941 0.365529
1 0.0472453 0.599745 0.0944906 0.130546
0 0.0509752 0.7564 0.10195 0.365529
1 0.462506 0.512714 0.0596782 0.11314
1 0.0497319 0.599745 0.0944906 0.121843
1 0.462506 0.512714 0.0596782 0.104437
0 0.0509752 0.7564 0.10195 0.365529
1 0.0497319 0.599745 0.0944906 0.121843
1 0.462506 0.512714 0.0596782 0.11314
0 0.0509752 0.7564 0.10195 0.365529
1 0.0472453 0.591042 0.0944906 0.130546
1 0.462506 0.512714 0.0596782 0.11314
0 0.0509752 0.7564 0.10195 0.365529
1 0.0472453 0.591042 0.0944906 0.130546
1 0.462506 0.504011 0.0596782 0.104437
0 0.0509752 0.765103 0.10195 0.374232
1 0.0472453 0.599745 0.0944906 0.130546
1 0.462506 0.512714 0.0596782 0.11314
0 0.0547051 0.7564 0.10941 0.365529
1 0.0497319 0.599745 0.0944906 0.121843
0 0.0509752 0.765103 0.10195 0.374232
1 0.462506 0.512714 0.0596782 0.11314
1 0.0472453 0.599745 0.0944906 0.130546
1 0.462506 0.512714 0.0596782 0.104437
0 0.0547051 0.7564 0.10941 0.365529
1 0.0472453 0.599745 0.0944906 0.130546
0 0.0509752 0.7564 0.10195 0.365529
1 0.462506 0.512714 0.0596782 0.11314
1 0.0497319 0.599745 0.0944906 0.121843
0 0.0509752 0.7564 0.10195 0.365529
1 0.462506 0.512714 0.0596782 0.11314
1 0.462506 0.512714 0.0596782 0.11314
0 0.0547051 0.7564 0.10941 0.365529
1 0.0472453 0.599745 0.0944906 0.130546
1 0.462506 0.512714 0.0596782 0.11314
0 0.0509752 0.765103 0.10195 0.374232
1 0.0472453 0.599745 0.0944906 0.130546
1 0.462506 0.512714 0.0596782 0.104437
0 0.0547051 0.7564 0.10941 0.365529
1 0.0472453 0.599745 0.0944906 0.130546
1 0.462506 0.512714 0.0596782 0.11314
0 0.0509752 0.7564 0.10195 0.365529
1 0.0472453 0.591042 0.0944906 0.130546
0 0.0509752 0.7564 0.10195 0.365529
1 0.462506 0.512714 0.0596782 0.11314
1 0.0497319 0.599745 0.0944906 0.121843
0 0.0509752 0.7564 0.10195 0.365529
1 0.462506 0.512714 0.0596782 0.11314
1 0.0497319 0.599745 0.0944906 0.121843
0 0.0509752 0.7564 0.10195 0.365529
1 0.462506 0.512714 0.0596782 0.11314
1 0.462506 0.512714 0.0596782 0.11314
0 0.0509752 0.747697 0.10195 0.356826
1 0.462506 0.512714 0.0596782 0.11314
0 0.0509752 0.7564 0.10195 0.365529
1 0.046002 0.599745 0.092004 0.121843
1 0.462506 0.512714 0.0596782 0.11314
0 0.0547051 0.7564 0.10941 0.365529
1 0.0472453 0.599745 0.0944906 0.130546
0 0.0509752 0.7564 0.10195 0.365529
1 0.462506 0.512714 0.0596782 0.11314
1 0.462506 0.512714 0.0596782 0.11314
0 0.0547051 0.7564 0.10941 0.365529
1 0.0472453 0.599745 0.0944906 0.130546
1 0.462506 0.512714 0.0596782 0.11314
0 0.0509752 0.7564 0.10195 0.365529
1 0.462506 0.512714 0.0596782 0.11314
0 0.0509752 0.7564 0.10195 0.365529
1 0.0497319 0.599745 0.0944906 0.121843
1 0.462506 0.512714 0.0596782 0.11314
0 0.0547051 0.7564 0.10941 0.365529
1 0.0472453 0.599745 0.0944906 0.130546
0 0.0509752 0.765103 0.10195 0.356826
1 0.462506 0.512714 0.0596782 0.11314
1 0.0472453 0.599745 0.0944906 0.130546
1 0.462506 0.512714 0.0596782 0.11314
0 0.0509752 0.765103 0.10195 0.374232
1 0.0472453 0.599745 0.0944906 0.130546
0 0.0509752 0.7564 0.10195 0.365529
1 0.462506 0.512714 0.0596782 0.11314
1 0.0497319 0.599745 0.0944906 0.121843
1 0.462506 0.512714 0.0596782 0.104437
0 0.0509752 0.7564 0.10195 0.365529
1 0.0472453 0.591042 0.0944906 0.130546
1 0.462506 0.512714 0.0596782 0.11314
0 0.0509752 0.7564 0.10195 0.365529
1 0.0497319 0.599745 0.0944906 0.121843
1 0.462506 0.512714 0.0596782 0.11314
0 0.0509752 0.7564 0.10195 0.365529
1 0.0497319 0.599745 0.0944906 0.121843
1 0.462506 0.512714 0.0596782 0.11314
0 0.0509752 0.7564 0.10195 0.365529
1 0.0497319 0.599745 0.0944906 0.121843
1 0.462506 0.512714 0.0596782 0.11314
0 0.0547051 0.7564 0.10941 0.365529
1 0.0472453 0.599745 0.0944906 0.130546
1 0.462506 0.512714 0.0596782 0.11314
0 0.0547051 0.7564 0.10941 0.365529
1 0.0472453 0.599745 0.0944906 0.130546
1 0.462506 0.512714 0.0596782 0.11314
0 0.0509752 0.7564 0.10195 0.365529
1 0.0472453 0.591042 0.0944906 0.130546
1 0.462506 0.512714 0.0596782 0.11314
0 0.0509752 0.7564 0.10195 0.365529
1 0.0497319 0.599745 0.0944906 0.121843
1 0.462506 0.512714 0.0596782 0.11314
0 0.0509752 0.7564 0.10195 0.365529
1 0.0497319 0.599745 0.0944906 0.121843
1 0.462506 0.512714 0.0596782 0.11314
0 0.0509752 0.747697 0.10195 0.356826
1 0.462506 0.512714 0.0596782 0.11314
0 0.0547051 0.7564 0.10941 0.365529
1 0.0472453 0.599745 0.0944906 0.130546
1 0.462506 0.512714 0.0596782 0.104437
0 0.0509752 0.7564 0.10195 0.365529
1 0.0472453 0.591042 0.0944906 0.130546
1 0.462506 0.512714 0.0596782 0.11314
0 0.0547051 0.747697 0.10941 0.356826
1 0.462506 0.512714 0.0596782 0.104437
0 0.0509752 0.7564 0.10195 0.365529
1 0.462506 0.512714 0.0596782 0.104437
0 0.0509752 0.7564 0.10195 0.365529
1 0.0497319 0.599745 0.0944906 0.121843
1 0.462506 0.512714 0.0596782 0.11314
0 0.0547051 0.7564 0.10941 0.365529
1 0.0472453 0.599745 0.0944906 0.130546
1 0.462506 0.512714 0.0596782 0.11314
0 0.0509752 0.7564 0.10195 0.365529
1 0.0497319 0.599745 0.0944906 0.121843
1 0.462506 0.512714 0.0596782 0.11314
0 0.0547051 0.765103 0.10941 0.374232
1 0.0472453 0.599745 0.0944906 0.130546
1 0.462506 0.512714 0.0596782 0.11314
0 0.0547051 0.7564 0.10941 0.365529
1 0.0472453 0.599745 0.0944906 0.130546
0 0.0509752 0.7564 0.10195 0.365529
1 0.462506 0.512714 0.0596782 0.11314
1 0.0472453 0.591042 0.0944906 0.130546
0 0.0509752 0.7564 0.10195 0.365529
1 0.462506 0.512714 0.0596782 0.11314
1 0.0497319 0.599745 0.0944906 0.121843
0 0.0509752 0.7564 0.10195 0.365529
1 0.462506 0.512714 0.0596782 0.11314
1 0.0472453 0.591042 0.0944906 0.130546
1 0.462506 0.512714 0.0596782 0.11314
0 0.0509752 0.7564 0.10195 0.365529
1 0.0472453 0.591042 0.0944906 0.130546
1 0.462506 0.512714 0.0596782 0.11314
0 0.0547051 0.7564 0.10941 0.365529
1 0.0472453 0.599745 0.0944906 0.130546
0 0.0509752 0.7564 0.10195 0.365529
1 0.462506 0.512714 0.0596782 0.11314
1 0.0472453 0.591042 0.0944906 0.130546
0 0.0509752 0.7564 0.10195 0.365529
1 0.462506 0.512714 0.0596782 0.11314
1 0.0472453 0.591042 0.0944906 0.130546
0 0.0509752 0.7564 0.10195 0.365529
1 0.462506 0.512714 0.0596782 0.11314
1 0.0497319 0.599745 0.0944906 0.121843
1 0.462506 0.512714 0.0596782 0.11314
0 0.0509752 0.7564 0.10195 0.365529
1 0.0472453 0.591042 0.0944906 0.130546
1 0.462506 0.512714 0.0596782 0.11314
0 0.0509752 0.7564 0.10195 0.365529
1 0.0497319 0.599745 0.0944906 0.121843
1 0.462506 0.512714 0.0596782 0.11314
0 0.0509752 0.765103 0.10195 0.374232
1 0.0497319 0.599745 0.0944906 0.130546
0 0.0509752 0.7564 0.10195 0.365529
1 0.462506 0.512714 0.0596782 0.11314
1 0.0497319 0.599745 0.0944906 0.121843
0 0.0509752 0.765103 0.10195 0.356826
1 0.462506 0.512714 0.0596782 0.11314
1 0.0472453 0.599745 0.0944906 0.130546
1 0.462506 0.512714 0.0596782 0.11314
0 0.0509752 0.7564 0.10195 0.348123
1 0.0472453 0.599745 0.0944906 0.130546
1 0.462506 0.512714 0.0596782 0.11314
0 0.0547051 0.7564 0.10941 0.365529
1 0.0472453 0.599745 0.0944906 0.130546
0 0.0509752 0.7564 0.10195 0.365529
1 0.462506 0.512714 0.0596782 0.11314
1 0.0472453 0.591042 0.0944906 0.130546
1 0.462506 0.512714 0.0596782 0.11314
0 0.0509752 0.7564 0.10195 0.365529
1 0.0497319 0.599745 0.0944906 0.121843
1 0.462506 0.512714 0.0596782 0.11314
0 0.0509752 0.7564 0.10195 0.365529
1 0.462506 0.512714 0.0596782 0.104437
0 0.0509752 0.765103 0.10195 0.365529
1 0.0472453 0.599745 0.0944906 0.130546
0 0.0509752 0.7564 0.10195 0.365529
1 0.462506 0.512714 0.0596782 0.11314
0 0.0509752 0.765103 0.10195 0.374232
1 0.462506 0.504011 0.0596782 0.104437
1 0.0472453 0.599745 0.0944906 0.130546
1 0.462506 0.512714 0.0596782 0.11314
0 0.0509752 0.7564 0.10195 0.365529
1 0.0497319 0.599745 0.0944906 0.121843
1 0.462506 0.512714 0.0596782 0.11314
0 0.0509752 0.7564 0.10195 0.365529
1 0.0472453 0.591042 0.0944906 0.130546
1 0.462506 0.512714 0.0596782 0.11314
0 0.0509752 0.7564 0.10195 0.365529
1 0.0472453 0.591042 0.0944906 0.130546
1 0.462506 0.512714 0.0596782 0.11314
0 0.0547051 0.7564 0.10941 0.365529
1 0.0472453 0.599745 0.0944906 0.130546
0 0.0509752 0.7564 0.10195 0.365529
1 0.462506 0.512714 0.0596782 0.11314
1 0.0472453 0.591042 0.0944906 0.130546
0 0.0547051 0.7564 0.10941 0.365529
1 0.462506 0.512714 0.0596782 0.11314
1 0.0497319 0.599745 0.0944906 0.130546
0 0.0509752 0.765103 0.10195 0.374232
1 0.462506 0.512714 0.0596782 0.11314
1 0.0472453 0.599745 0.0944906 0.130546
1 0.462506 0.512714 0.0596782 0.11314
0 0.0509752 0.7564 0.10195 0.365529
1 0.462506 0.504011 0.0596782 0.104437
0 0.0509752 0.7564 0.10195 0.365529
1 0.0472453 0.591042 0.0944906 0.130546
1 0.462506 0.512714 0.0596782 0.104437
0 0.0547051 0.7564 0.10941 0.365529
1 0.0472453 0.599745 0.0944906 0.130546
0 0.0509752 0.7564 0.10195 0.365529
1 0.462506 0.512714 0.0596782 0.11314
1 0.0497319 0.599745 0.0944906 0.121843
1 0.462506 0.512714 0.0596782 0.11314
0 0.0547051 0.7564 0.10941 0.365529
1 0.0472453 0.599745 0.0944906 0.130546
1 0.462506 0.512714 0.0596782 0.11314
0 0.0547051 0.7564 0.10941 0.365529
1 0.0472453 0.599745 0.0944906 0.130546
1 0.462506 0.512714 0.0596782 0.11314
0 0.0547051 0.7564 0.10941 0.365529
1 0.0472453 0.599745 0.0944906 0.130546
0 0.0509752 0.747697 0.10195 0.374232
1 0.462506 0.512714 0.0596782 0.11314
1 0.462506 0.512714 0.0596782 0.104437
0 0.0509752 0.7564 0.10195 0.365529
1 0.0472453 0.591042 0.0944906 0.130546
1 0.462506 0.512714 0.0596782 0.11314
0 0.0509752 0.7564 0.10195 0.365529
1 0.0472453 0.591042 0.0944906 0.130546
1 0.462506 0.512714 0.0596782 0.11314
0 0.0509752 0.7564 0.10195 0.365529
1 0.0497319 0.599745 0.0944906 0.121843
1 0.462506 0.512714 0.0596782 0.11314
0 0.0509752 0.7564 0.10195 0.365529
1 0.0497319 0.599745 0.0944906 0.121843
1 0.462506 0.504011 0.0596782 0.104437
0 0.0509752 0.7564 0.10195 0.365529
1 0.0497319 0.599745 0.0944906 0.121843
1 0.462506 0.512714 0.0596782 0.11314
0 0.0509752 0.765103 0.10195 0.374232
1 0.0472453 0.599745 0.0944906 0.130546
1 0.462506 0.512714 0.0596782 0.104437
0 0.0547051 0.7564 0.10941 0.365529
1 0.0472453 0.599745 0.0944906 0.130546
1 0.462506 0.504011 0.0596782 0.104437
0 0.0509752 0.7564 0.10195 0.365529
1 0.0472453 0.591042 0.0944906 0.130546
1 0.462506 0.512714 0.0596782 0.11314
0 0.0509752 0.7564 0.10195 0.365529
1 0.0497319 0.599745 0.0944906 0.121843
0 0.0509752 0.747697 0.10195 0.356826
1 0.462506 0.512714 0.0596782 0.11314
1 0.462506 0.512714 0.0596782 0.11314
0 0.0509752 0.7564 0.10195 0.365529
1 0.0497319 0.599745 0.0944906 0.121843
1 0.462506 0.512714 0.0596782 0.11314
0 0.0509752 0.7564 0.10195 0.365529
1 0.0497319 0.599745 0.0944906 0.121843
1 0.462506 0.512714 0.0596782 0.11314
0 0.0509752 0.7564 0.10195 0.365529
1 0.0472453 0.591042 0.0944906 0.130546
1 0.462506 0.512714 0.0596782 0.104437
0 0.0509752 0.765103 0.10195 0.374232
1 0.0472453 0.599745 0.0944906 0.130546
1 0.462506 0.512714 0.0596782 0.11314
0 0.0509752 0.7564 0.10195 0.365529
1 0.0472453 0.591042 0.0944906 0.130546
0 0.0509752 0.747697 0.10195 0.374232
1 0.462506 0.512714 0.0596782 0.11314
0 0.0509752 0.7564 0.10195 0.365529
1 0.462506 0.512714 0.0596782 0.11314
1 0.462506 0.512714 0.0596782 0.11314
0 0.0547051 0.7564 0.10941 0.365529
1 0.0472453 0.599745 0.0944906 0.130546
1 0.462506 0.512714 0.0596782 0.11314
0 0.0509752 0.7564 0.10195 0.365529
1 0.0497319 0.599745 0.0944906 0.121843
1 0.462506 0.512714 0.0596782 0.11314
0 0.0509752 0.7564 0.10195 0.365529
1 0.0497319 0.599745 0.0944906 0.121843
1 0.462506 0.512714 0.0596782 0.11314
0 0.0472453 0.7564 0.0944906 0.365529
1 0.462506 0.512714 0.0596782 0.11314
0 0.0547051 0.7564 0.10941 0.365529
1 0.0472453 0.599745 0.0944906 0.130546
1 0.462506 0.512714 0.0596782 0.11314
0 0.0509752 0.765103 0.10195 0.374232
1 0.0472453 0.599745 0.0944906 0.130546
1 0.462506 0.512714 0.0596782 0.11314
0 0.0509752 0.7564 0.10195 0.365529
1 0.0497319 0.599745 0.0944906 0.121843
1 0.462506 0.512714 0.0596782 0.104437
0 0.0547051 0.747697 0.10941 0.356826
0 0.0509752 0.765103 0.10195 0.374232
1 0.462506 0.512714 0.0596782 0.11314
1 0.0472453 0.599745 0.0944906 0.130546
1 0.462506 0.512714 0.0596782 0.11314
0 0.0509752 0.7564 0.10195 0.365529
1 0.0472453 0.591042 0.0944906 0.130546
1 0.462506 0.512714 0.0596782 0.11314
0 0.0509752 0.7564 0.10195 0.365529
1 0.0497319 0.599745 0.0944906 0.121843
1 0.462506 0.512714 0.0596782 0.11314
0 0.0509752 0.7564 0.10195 0.365529
1 0.0497319 0.599745 0.0944906 0.121843
0 0.0509752 0.765103 0.10195 0.374232
1 0.462506 0.512714 0.0596782 0.11314
1 0.0472453 0.599745 0.0944906 0.130546
1 0.462506 0.512714 0.0596782 0.11314
0 0.0509752 0.7564 0.10195 0.365529
1 0.0472453 0.591042 0.0944906 0.130546
1 0.462506 0.512714 0.0596782 0.104437
0 0.0472453 0.7564 0.0944906 0.365529
1 0.462506 0.512714 0.0596782 0.11314
0 0.0509752 0.7564 0.10195 0.365529
1 0.0497319 0.599745 0.0944906 0.121843
1 0.462506 0.512714 0.0596782 0.11314
0 0.0509752 0.7564 0.10195 0.365529
1 0.0497319 0.591042 0.0944906 0.130546
1 0.462506 0.512714 0.0596782 0.11314
0 0.0547051 0.7564 0.10941 0.365529
1 0.0472453 0.599745 0.0944906 0.130546
1 0.462506 0.512714 0.0596782 0.11314
0 0.0509752 0.7564 0.10195 0.365529
1 0.0472453 0.591042 0.0944906 0.130546
0 0.0509752 0.7564 0.10195 0.365529
1 0.462506 0.512714 0.0596782 0.11314
1 0.0497319 0.599745 0.0944906 0.121843
1 0.462506 0.512714 0.0596782 0.11314
0 0.0547051 0.7564 0.10941 0.365529
1 0.0472453 0.599745 0.0944906 0.130546
1 0.462506 0.512714 0.0596782 0.11314
0 0.0509752 0.7564 0.10195 0.365529
1 0.462506 0.512714 0.0596782 0.11314
0 0.0472453 0.7564 0.0944906 0.365529
0 0.0509752 0.765103 0.10195 0.374232
1 0.462506 0.512714 0.0596782 0.11314
1 0.0472453 0.599745 0.0944906 0.130546
1 0.462506 0.512714 0.0596782 0.11314
0 0.0509752 0.7564 0.10195 0.365529
1 0.0472453 0.591042 0.0944906 0.130546
1 0.462506 0.512714 0.0596782 0.11314
0 0.0509752 0.7564 0.10195 0.365529
1 0.0472453 0.591042 0.0944906 0.130546
1 0.462506 0.512714 0.0596782 0.11314
0 0.0509752 0.7564 0.10195 0.365529
1 0.0497319 0.599745 0.0944906 0.121843
1 0.462506 0.512714 0.0596782 0.11314
0 0.0509752 0.7564 0.10195 0.365529
1 0.0497319 0.599745 0.0944906 0.121843
1 0.462506 0.512714 0.0596782 0.11314
0 0.0509752 0.7564 0.10195 0.365529
1 0.0497319 0.599745 0.0944906 0.121843
1 0.462506 0.512714 0.0596782 0.11314
0 0.0509752 0.7564 0.10195 0.365529
1 0.0497319 0.599745 0.0944906 0.121843
1 0.462506 0.512714 0.0596782 0.11314
0 0.0547051 0.7564 0.10941 0.365529
1 0.0472453 0.599745 0.0944906 0.130546
1 0.462506 0.512714 0.0596782 0.11314
0 0.0509752 0.7564 0.10195 0.365529
1 0.462506 0.512714 0.0596782 0.11314
0 0.0509752 0.7564 0.10195 0.365529
1 0.0472453 0.591042 0.0944906 0.130546
1 0.462506 0.512714 0.0596782 0.11314
0 0.0509752 0.7564 0.10195 0.365529
1 0.462506 0.512714 0.0596782 0.11314
0 0.0509752 0.7564 0.10195 0.365529
1 0.462506 0.512714 0.0596782 0.104437
0 0.0547051 0.7564 0.10941 0.365529
1 0.0472453 0.599745 0.0944906 0.130546
1 0.462506 0.512714 0.0596782 0.11314
0 0.0472453 0.7564 0.0944906 0.365529
1 0.462506 0.512714 0.0596782 0.11314
0 0.0547051 0.7564 0.10941 0.365529
1 0.0472453 0.599745 0.0944906 0.130546
0 0.0509752 0.7564 0.10195 0.365529
1 0.462506 0.512714 0.0596782 0.11314
0 0.0509752 0.7564 0.10195 0.365529
1 0.462506 0.504011 0.0596782 0.104437
1 0.0497319 0.599745 0.0944906 0.121843
1 0.462506 0.512714 0.0596782 0.11314
0 0.0547051 0.7564 0.10941 0.365529
1 0.0472453 0.599745 0.0944906 0.130546
1 0.462506 0.512714 0.0596782 0.11314
0 0.0509752 0.765103 0.10195 0.374232
1 0.0472453 0.599745 0.0944906 0.130546
0 0.0509752 0.765103 0.10195 0.374232
1 0.462506 0.512714 0.0596782 0.11314
1 0.0472453 0.599745 0.0944906 0.130546
1 0.462506 0.512714 0.0596782 0.11314
0 0.0509752 0.7564 0.10195 0.365529
1 0.0472453 0.591042 0.0944906 0.130546
0 0.0509752 0.7564 0.10195 0.365529
1 0.462506 0.512714 0.0596782 0.11314
1 0.0497319 0.599745 0.0944906 0.121843
1 0.462506 0.512714 0.0596782 0.11314
0 0.0509752 0.7564 0.10195 0.365529
1 0.0497319 0.599745 0.0944906 0.121843
0 0.0509752 0.765103 0.10195 0.356826
1 0.462506 0.512714 0.0596782 0.11314
1 0.0472453 0.599745 0.0944906 0.130546
1 0.462506 0.512714 0.0596782 0.11314
0 0.0509752 0.7564 0.10195 0.365529
1 0.0497319 0.599745 0.0944906 0.121843
1 0.462506 0.512714 0.0596782 0.11314
0 0.0509752 0.765103 0.10195 0.374232
1 0.0472453 0.599745 0.0944906 0.130546
1 0.462506 0.512714 0.0596782 0.11314
0 0.0509752 0.7564 0.10195 0.365529
1 0.0472453 0.591042 0.0944906 0.130546
1 0.462506 0.512714 0.0596782 0.11314
0 0.0509752 0.7564 0.10195 0.365529
1 0.0472453 0.591042 0.0944906 0.130546
1 0.462506 0.512714 0.0596782 0.11314
0 0.0509752 0.765103 0.10195 0.374232
1 0.0472453 0.599745 0.0944906 0.130546
1 0.462506 0.512714 0.0596782 0.11314
0 0.0509752 0.765103 0.10195 0.374232
1 0.0472453 0.599745 0.0944906 0.130546
1 0.462506 0.512714 0.0596782 0.11314
0 0.0509752 0.7564 0.10195 0.365529
0 0.0509752 0.7564 0.10195 0.365529
1 0.462506 0.512714 0.0596782 0.11314
1 0.0472453 0.591042 0.0944906 0.130546
1 0.462506 0.512714 0.0596782 0.11314
0 0.0509752 0.7564 0.10195 0.365529
0 0.0509752 0.747697 0.10195 0.356826
1 0.462506 0.504011 0.0596782 0.104437
0 0.0509752 0.7564 0.10195 0.365529
1 0.462506 0.512714 0.0596782 0.11314
1 0.0497319 0.599745 0.0944906 0.121843
1 0.462506 0.512714 0.0596782 0.11314
0 0.0547051 0.7564 0.10941 0.365529
1 0.0472453 0.599745 0.0944906 0.130546
1 0.462506 0.512714 0.0596782 0.11314
0 0.0509752 0.7564 0.10195 0.365529
1 0.0472453 0.591042 0.0944906 0.130546
1 0.462506 0.512714 0.0596782 0.11314
0 0.0509752 0.7564 0.10195 0.365529
1 0.0472453 0.591042 0.0944906 0.130546
1 0.462506 0.512714 0.0596782 0.11314
0 0.0509752 0.7564 0.10195 0.365529
1 0.0497319 0.599745 0.0944906 0.121843
0 0.0509752 0.7564 0.10195 0.365529
1 0.462506 0.512714 0.0596782 0.11314
1 0.0472453 0.591042 0.0944906 0.130546
1 0.462506 0.512714 0.0596782 0.11314
0 0.0509752 0.7564 0.10195 0.365529
1 0.0497319 0.599745 0.0944906 0.121843
1 0.462506 0.512714 0.0596782 0.11314
0 0.0547051 0.7564 0.10941 0.365529
1 0.0472453 0.599745 0.0944906 0.130546
1 0.462506 0.512714 0.0596782 0.11314
0 0.0547051 0.765103 0.10941 0.374232
1 0.0472453 0.599745 0.0944906 0.130546
1 0.462506 0.512714 0.0596782 0.11314
0 0.0509752 0.765103 0.10195 0.374232
1 0.0472453 0.599745 0.0944906 0.130546
0 0.0509752 0.7564 0.10195 0.365529
1 0.462506 0.512714 0.0596782 0.11314
1 0.462506 0.512714 0.0596782 0.11314
0 0.0509752 0.7564 0.10195 0.365529
1 0.0472453 0.591042 0.0944906 0.130546
1 0.462506 0.512714 0.0596782 0.11314
0 0.0509752 0.747697 0.10195 0.356826
1 0.462506 0.512714 0.0596782 0.104437
0 0.0547051 0.7564 0.10941 0.365529
1 0.0472453 0.599745 0.0944906 0.130546
1 0.462506 0.512714 0.0596782 0.11314
0 0.0509752 0.7564 0.10195 0.365529
1 0.0472453 0.591042 0.0944906 0.130546
0 0.0547051 0.765103 0.10941 0.356826
1 0.462506 0.512714 0.0596782 0.11314
1 0.0472453 0.599745 0.0944906 0.130546
1 0.462506 0.512714 0.0596782 0.11314
0 0.0509752 0.7564 0.10195 0.365529
1 0.0472453 0.591042 0.0944906 0.130546
1 0.462506 0.512714 0.0596782 0.104437
0 0.0509752 0.7564 0.10195 0.365529
1 0.0497319 0.599745 0.0944906 0.121843
1 0.462506 0.504011 0.0596782 0.104437
0 0.0509752 0.7564 0.10195 0.365529
1 0.0497319 0.599745 0.0944906 0.121843
1 0.462506 0.512714 0.0596782 0.11314
0 0.0547051 0.7564 0.10941 0.365529
1 0.0472453 0.599745 0.0944906 0.121843
1 0.462506 0.512714 0.0596782 0.11314
0 0.0547051 0.7564 0.10941 0.365529
1 0.0472453 0.599745 0.0944906 0.130546
1 0.462506 0.512714 0.0596782 0.11314
0 0.0509752 0.7564 0.10195 0.365529
1 0.462506 0.504011 0.0596782 0.104437
0 0.0509752 0.7564 0.10195 0.365529
1 0.0472453 0.591042 0.0944906 0.130546
0 0.0547051 0.7564 0.10941 0.365529
1 0.462506 0.512714 0.0596782 0.11314
1 0.0472453 0.599745 0.0944906 0.130546
1 0.462506 0.512714 0.0596782 0.11314
0 0.0509752 0.7564 0.10195 0.365529
1 0.0472453 0.591042 0.0944906 0.130546
1 0.462506 0.512714 0.0596782 0.11314
0 0.0509752 0.7564 0.10195 0.365529
1 0.0497319 0.599745 0.0944906 0.121843
0 0.0509752 0.747697 0.10195 0.356826
1 0.462506 0.512714 0.0596782 0.11314
0 0.0509752 0.7564 0.10195 0.348123
1 0.462506 0.512714 0.0596782 0.11314
1 0.0472453 0.599745 0.0944906 0.130546
1 0.462506 0.512714 0.0596782 0.11314
0 0.0509752 0.7564 0.10195 0.365529
1 0.0472453 0.591042 0.0944906 0.130546
1 0.462506 0.512714 0.0596782 0.11314
0 0.0509752 0.747697 0.10195 0.356826
0 0.0547051 0.7564 0.10941 0.365529
1 0.462506 0.512714 0.0596782 0.11314
1 0.0472453 0.599745 0.0944906 0.130546
1 0.462506 0.512714 0.0596782 0.11314
0 0.0509752 0.7564 0.10195 0.365529
1 0.0472453 0.591042 0.0944906 0.130546
1 0.462506 0.512714 0.0596782 0.11314
0 0.0509752 0.7564 0.10195 0.365529
1 0.0472453 0.591042 0.0944906 0.130546
1 0.462506 0.512714 0.0596782 0.11314
0 0.0509752 0.765103 0.10195 0.374232
1 0.0472453 0.599745 0.0944906 0.130546
1 0.462506 0.512714 0.0596782 0.11314
0 0.0509752 0.7564 0.10195 0.365529
1 0.462506 0.512714 0.0596782 0.104437
0 0.0509752 0.7564 0.10195 0.365529
1 0.0472453 0.591042 0.0944906 0.130546
1 0.462506 0.512714 0.0596782 0.11314
0 0.0509752 0.7564 0.10195 0.365529
1 0.0497319 0.599745 0.0944906 0.121843
1 0.462506 0.504011 0.0596782 0.104437
0 0.0509752 0.7564 0.10195 0.365529
1 0.0472453 0.591042 0.0944906 0.130546
1 0.462506 0.512714 0.0596782 0.11314
0 0.0509752 0.7564 0.10195 0.365529
1 0.462506 0.512714 0.0596782 0.11314
0 0.0509752 0.7564 0.10195 0.365529
1 0.0472453 0.591042 0.0944906 0.130546
1 0.462506 0.512714 0.0596782 0.11314
0 0.0509752 0.7564 0.10195 0.365529
1 0.0497319 0.599745 0.0944906 0.121843
1 0.462506 0.512714 0.0596782 0.104437
0 0.0509752 0.7564 0.10195 0.365529
1 0.0497319 0.599745 0.0944906 0.121843
1 0.462506 0.512714 0.0596782 0.11314
0 0.0509752 0.7564 0.10195 0.365529
0 0.0509752 0.765103 0.10195 0.356826
1 0.462506 0.512714 0.0596782 0.11314
1 0.0472453 0.599745 0.0944906 0.130546
0 0.0509752 0.765103 0.10195 0.374232
1 0.462506 0.512714 0.0596782 0.11314
1 0.0472453 0.599745 0.0944906 0.130546
1 0.462506 0.512714 0.0596782 0.11314
0 0.0509752 0.7564 0.10195 0.365529
1 0.0497319 0.599745 0.0944906 0.121843
1 0.462506 0.512714 0.0596782 0.11314
0 0.0547051 0.7564 0.10941 0.365529
1 0.0472453 0.599745 0.0944906 0.130546
0 0.0509752 0.7564 0.10195 0.365529
1 0.462506 0.512714 0.0596782 0.11314
1 0.0497319 0.599745 0.0944906 0.121843
1 0.462506 0.512714 0.0596782 0.11314
0 0.0509752 0.7564 0.10195 0.365529
1 0.462506 0.512714 0.0596782 0.11314
0 0.0509752 0.747697 0.10195 0.356826
1 0.462506 0.512714 0.0596782 0.11314
0 0.0509752 0.7564 0.10195 0.365529
1 0.0497319 0.599745 0.0944906 0.121843
1 0.462506 0.512714 0.0596782 0.11314
0 0.0509752 0.765103 0.10195 0.374232
1 0.0472453 0.599745 0.0944906 0.130546
1 0.462506 0.512714 0.0596782 0.11314
0 0.0509752 0.7564 0.10195 0.365529
1 0.0497319 0.599745 0.0944906 0.121843
1 0.462506 0.512714 0.0596782 0.11314
0 0.0509752 0.7564 0.10195 0.365529
1 0.0472453 0.591042 0.0944906 0.130546
1 0.462506 0.512714 0.0596782 0.11314
0 0.0547051 0.747697 0.10941 0.356826
1 0.0472453 0.591042 0.0944906 0.130546
1 0.462506 0.512714 0.0596782 0.11314
0 0.0547051 0.7564 0.10941 0.365529
1 0.0472453 0.599745 0.0944906 0.130546
0 0.0509752 0.7564 0.10195 0.365529
1 0.462506 0.512714 0.0596782 0.11314
1 0.0497319 0.599745 0.0944906 0.121843
1 0.462506 0.512714 0.0596782 0.11314
0 0.0472453 0.7564 0.0944906 0.365529
1 0.462506 0.512714 0.0596782 0.11314
0 0.0509752 0.7564 0.10195 0.365529
1 0.0497319 0.599745 0.0944906 0.121843
1 0.462506 0.512714 0.0596782 0.11314
0 0.0547051 0.7564 0.10941 0.365529
1 0.0472453 0.599745 0.0944906 0.130546
1 0.462506 0.512714 0.0596782 0.11314
0 0.0509752 0.7564 0.10195 0.365529
1 0.0472453 0.591042 0.0944906 0.130546
1 0.462506 0.512714 0.0596782 0.11314
0 0.0509752 0.747697 0.10195 0.356826
1 0.462506 0.512714 0.0596782 0.11314
0 0.0509752 0.7564 0.10195 0.365529
1 0.0472453 0.591042 0.0944906 0.130546
0 0.0509752 0.7564 0.10195 0.365529
1 0.462506 0.504011 0.0596782 0.104437
1 0.0472453 0.591042 0.0944906 0.130546
0 0.0547051 0.747697 0.10941 0.356826
1 0.462506 0.512714 0.0596782 0.11314
1 0.0472453 0.591042 0.0944906 0.130546
0 0.0509752 0.7564 0.10195 0.365529
1 0.462506 0.512714 0.0596782 0.11314
1 0.0472453 0.591042 0.0944906 0.130546
1 0.462506 0.512714 0.0596782 0.11314
0 0.0509752 0.7564 0.10195 0.365529
1 0.0497319 0.599745 0.0944906 0.121843
1 0.462506 0.512714 0.0596782 0.11314
0 0.0509752 0.7564 0.10195 0.365529
0 0.0509752 0.7564 0.10195 0.365529
1 0.462506 0.512714 0.0596782 0.11314
1 0.0497319 0.599745 0.0944906 0.121843
1 0.462506 0.512714 0.0596782 0.11314
0 0.0509752 0.7564 0.10195 0.365529
1 0.0472453 0.591042 0.0944906 0.130546
1 0.462506 0.512714 0.0596782 0.11314
0 0.0509752 0.7564 0.10195 0.365529
1 0.0497319 0.599745 0.0944906 0.121843
1 0.462506 0.512714 0.0596782 0.11314
0 0.0547051 0.7564 0.10941 0.365529
1 0.0472453 0.599745 0.0944906 0.130546
0 0.0509752 0.7564 0.10195 0.365529
1 0.462506 0.512714 0.0596782 0.11314
1 0.0497319 0.599745 0.0944906 0.121843
1 0.462506 0.512714 0.0596782 0.11314
0 0.0509752 0.7564 0.10195 0.365529
1 0.0497319 0.599745 0.0944906 0.121843
1 0.462506 0.512714 0.0596782 0.11314
0 0.0547051 0.7564 0.10941 0.365529
1 0.0472453 0.599745 0.0944906 0.130546
1 0.462506 0.512714 0.0596782 0.11314
0 0.0547051 0.7564 0.10941 0.365529
1 0.0472453 0.599745 0.0944906 0.130546
1 0.462506 0.504011 0.0596782 0.104437
0 0.0509752 0.7564 0.10195 0.365529
1 0.0472453 0.591042 0.0944906 0.130546
1 0.462506 0.512714 0.0596782 0.11314
0 0.0509752 0.7564 0.10195 0.365529
1 0.0497319 0.599745 0.0944906 0.121843
1 0.462506 0.512714 0.0596782 0.11314
0 0.0509752 0.7564 0.10195 0.365529
1 0.0472453 0.591042 0.0944906 0.130546
0 0.0509752 0.7564 0.10195 0.365529
1 0.462506 0.512714 0.0596782 0.11314
1 0.0472453 0.591042 0.0944906 0.130546
1 0.462506 0.512714 0.0596782 0.11314
0 0.0509752 0.7564 0.10195 0.365529
1 0.0472453 0.591042 0.0944906 0.130546
0 0.0509752 0.7564 0.10195 0.365529
1 0.462506 0.512714 0.0596782 0.11314
1 0.0472453 0.591042 0.0944906 0.130546
1 0.462506 0.512714 0.0596782 0.11314
0 0.0509752 0.7564 0.10195 0.365529
1 0.0472453 0.591042 0.0944906 0.130546
1 0.462506 0.512714 0.0596782 0.11314
0 0.0509752 0.7564 0.10195 0.365529
1 0.0497319 0.599745 0.0944906 0.121843
1 0.462506 0.512714 0.0596782 0.11314
0 0.0547051 0.7564 0.10941 0.365529
1 0.0472453 0.599745 0.0944906 0.130546
1 0.462506 0.512714 0.0596782 0.11314
0 0.0509752 0.7564 0.10195 0.365529
1 0.0472453 0.591042 0.0944906 0.130546
1 0.462506 0.512714 0.0596782 0.104437
0 0.0509752 0.7564 0.10195 0.365529
1 0.0472453 0.591042 0.0944906 0.130546
0 0.0509752 0.7564 0.10195 0.365529
1 0.462506 0.512714 0.0596782 0.11314
1 0.0497319 0.599745 0.0944906 0.121843
1 0.462506 0.512714 0.0596782 0.11314
0 0.0509752 0.7564 0.10195 0.365529
1 0.046002 0.599745 0.092004 0.121843
1 0.462506 0.512714 0.0596782 0.104437
0 0.0509752 0.747697 0.10195 0.374232
1 0.462506 0.504011 0.0596782 0.104437
0 0.0547051 0.7564 0.10941 0.365529
1 0.0472453 0.599745 0.0944906 0.130546
1 0.462506 0.512714 0.0596782 0.11314
0 0.0547051 0.7564 0.10941 0.365529
1 0.0472453 0.599745 0.0944906 0.130546
0 0.0509752 0.7564 0.10195 0.365529
1 0.462506 0.504011 0.0596782 0.104437
1 0.0497319 0.599745 0.0944906 0.121843
0 0.0509752 0.765103 0.10195 0.356826
1 0.462506 0.512714 0.0596782 0.11314
1 0.0472453 0.599745 0.0944906 0.130546
1 0.462506 0.512714 0.0596782 0.11314
0 0.0509752 0.7564 0.10195 0.365529
1 0.0472453 0.591042 0.0944906 0.130546
0 0.0509752 0.747697 0.10195 0.374232
1 0.462506 0.504011 0.0596782 0.104437
1 0.462506 0.512714 0.0596782 0.11314
0 0.0547051 0.7564 0.10941 0.365529
1 0.0472453 0.599745 0.0944906 0.130546
1 0.462506 0.512714 0.0596782 0.11314
0 0.0509752 0.7564 0.10195 0.365529
1 0.0497319 0.599745 0.0944906 0.121843
1 0.462506 0.512714 0.0596782 0.11314
0 0.0509752 0.7564 0.10195 0.365529
1 0.0472453 0.591042 0.0944906 0.130546
1 0.462506 0.512714 0.0596782 0.11314
0 0.0547051 0.747697 0.10941 0.356826
1 0.462506 0.512714 0.0596782 0.11314
0 0.0547051 0.7564 0.10941 0.365529
1 0.0472453 0.599745 0.0944906 0.130546
1 0.462506 0.512714 0.0596782 0.11314
0 0.0509752 0.7564 0.10195 0.365529
1 0.0472453 0.591042 0.0944906 0.130546
0 0.0509752 0.765103 0.10195 0.374232
1 0.462506 0.512714 0.0596782 0.11314
1 0.0472453 0.599745 0.0944906 0.130546
1 0.462506 0.512714 0.0596782 0.11314
0 0.0547051 0.7564 0.10941 0.365529
1 0.0472453 0.599745 0.0944906 0.130546
1 0.462506 0.512714 0.0596782 0.104437
0 0.0547051 0.765103 0.10941 0.374232
1 0.0472453 0.599745 0.0944906 0.130546
1 0.462506 0.512714 0.0596782 0.11314
0 0.0509752 0.7564 0.10195 0.365529
1 0.0472453 0.591042 0.0944906 0.130546
0 0.0509752 0.765103 0.10195 0.356826
1 0.462506 0.512714 0.0596782 0.11314
1 0.0472453 0.599745 0.0944906 0.130546
1 0.462506 0.512714 0.0596782 0.11314
0 0.0509752 0.765103 0.10195 0.374232
1 0.0472453 0.599745 0.0944906 0.130546
1 0.462506 0.512714 0.0596782 0.104437
0 0.0509752 0.7564 0.10195 0.365529
1 0.462506 0.512714 0.0596782 0.11314
0 0.0509752 0.7564 0.10195 0.365529
1 0.0497319 0.599745 0.0944906 0.121843
1 0.462506 0.512714 0.0596782 0.11314
0 0.0509752 0.765103 0.10195 0.374232
1 0.0472453 0.599745 0.0944906 0.130546
1 0.462506 0.504011 0.0596782 0.104437
0 0.0509752 0.7564 0.10195 0.365529
1 0.0472453 0.591042 0.0944906 0.130546
1 0.462506 0.512714 0.0596782 0.11314
0 0.0509752 0.7564 0.10195 0.365529
1 0.462506 0.512714 0.0596782 0.11314
0 0.0509752 0.7564 0.10195 0.365529
1 0.0472453 0.591042 0.0944906 0.130546
1 0.462506 0.512714 0.0596782 0.11314
0 0.0509752 0.747697 0.10195 0.356826
1 0.462506 0.512714 0.0596782 0.104437
0 0.0509752 0.7564 0.10195 0.365529
1 0.462506 0.512714 0.0596782 0.11314
0 0.0547051 0.747697 0.10941 0.356826
1 0.0472453 0.591042 0.0944906 0.130546
0 0.0509752 0.7564 0.10195 0.365529
1 0.462506 0.512714 0.0596782 0.11314
1 0.0497319 0.599745 0.0944906 0.121843
0 0.0509752 0.747697 0.10195 0.356826
1 0.462506 0.512714 0.0596782 0.11314
0 0.0509752 0.765103 0.10195 0.374232
1 0.462506 0.512714 0.0596782 0.11314
1 0.0472453 0.599745 0.0944906 0.130546
0 0.0547051 0.7564 0.10941 0.348123
1 0.462506 0.512714 0.0596782 0.11314
1 0.0472453 0.599745 0.0944906 0.130546
